global_step = 20
loss = 5.260333
masked_lm_accuracy = 0.1005335
masked_lm_loss = 4.5901766
next_sentence_accuracy = 0.57375
next_sentence_loss = 0.6698555
